Data_path: Data/
Emb: 20190315_DBLP_dim100_dm0_win10_mincount10_negative15.emb

r: 0.5 micro: 0.6184759472115794 macro: 0.6184759472115794
[[1374  118   49]
 [ 161 1035  451]
 [ 202  810  498]]
r: 0.6 micro: 0.616413939877627 macro: 0.616413939877627
[[1099   90   50]
 [ 120  802  392]
 [ 151  657  398]]
r: 0.7 micro: 0.6196168854203619 macro: 0.6196168854203619
[[865  67  34]
 [ 90 630 242]
 [116 507 268]]
r: 0.8 micro: 0.6286170212765958 macro: 0.6286170212765958
[[575  42  20]
 [ 61 433 162]
 [ 63 348 176]]
r: 0.9 micro: 0.6231914893617021 macro: 0.6231914893617021
[[288  21  10]
 [ 26 202  89]
 [ 41 169  94]]
Data_path: Data/
Emb: 20190315_DBLP_dim100_dm0_win10_mincount10_negative15.emb

r: 0.7 micro: 0.6496984746363959 macro: 0.6496984746363959
[[849  39  26]
 [ 60 658 257]
 [ 71 565 294]]
r: 0.8 micro: 0.6437765957446809 macro: 0.6437765957446809
[[595  22  18]
 [ 44 413 185]
 [ 48 367 188]]
r: 0.9 micro: 0.6469148936170213 macro: 0.6469148936170213
[[297   6  11]
 [ 18 221 102]
 [ 14 164 107]]
Data_path: Data/
Emb: 20190315_DBLP_dim100_dm0_win10_mincount10_negative15.emb

r: 0.7 micro: 0.6672224192976233 macro: 0.6672224192976233
[[911  26  10]
 [ 45 668 256]
 [ 38 544 321]]
r: 0.8 micro: 0.6657978723404256 macro: 0.6657978723404256
[[617  16   4]
 [ 21 448 170]
 [ 27 367 210]]
r: 0.9 micro: 0.6756382978723405 macro: 0.6756382978723405
[[304   2   7]
 [ 13 236  89]
 [ 14 161 114]]
